The trace of core 0: 
510  1 
510  1 
607  1 
607  1 
710  1 
710  1 
1307  1 
1307  1 
1310  1 
1310  1 
1510  1 
1510  1 
2007  1 
2007  1 
2110  1 
2110  1 
2307  1 
2307  1 
2310  1 
2310  1 
2910  1 
2910  1 
3007  1 
3007  1 
3110  1 
3110  1 
3707  1 
3707  1 
3710  1 
3710  1 
3910  1 
3910  1 
4407  1 
4407  1 
4510  1 
4510  1 
4707  1 
4707  1 
4710  1 
4710  1 
5310  1 
5310  1 
5407  1 
5407  1 
5510  1 
5510  1 
6107  1 
6107  1 
6110  1 
6110  1 
6310  1 
6310  1 
6807  1 
6807  1 
6910  1 
6910  1 
7107  1 
7107  1 
7110  1 
7110  1 
7710  1 
7710  1 
7807  1 
7807  1 
7910  1 
7910  1 
8507  1 
8507  1 
8510  1 
8510  1 
8710  1 
8710  1 
9207  1 
9207  1 
9310  1 
9310  1 
9507  1 
9507  1 
9510  1 
9510  1 
10110  1 
10110  1 
10207  1 
10207  1 
10310  1 
10310  1 
10907  1 
10907  1 
10910  1 
10910  1 
11110  1 
11110  1 
11607  1 
11607  1 
11710  1 
11710  1 
11907  1 
11907  1 
11910  1 
11910  1 
12510  1 
12510  1 
12607  1 
12607  1 
12710  1 
12710  1 
13307  1 
13307  1 
13310  1 
13310  1 
13510  1 
13510  1 
14007  1 
14007  1 
14110  1 
14110  1 
14307  1 
14307  1 
14310  1 
14310  1 
14910  1 
14910  1 
15007  1 
15007  1 
15110  1 
15110  1 
15707  1 
15707  1 
15710  1 
15710  1 
15910  1 
15910  1 
16407  1 
16407  1 
16510  1 
16510  1 
16707  1 
16707  1 
16710  1 
16710  1 
17310  1 
17310  1 
17407  1 
17407  1 
17510  1 
17510  1 
18107  1 
18107  1 
18110  1 
18110  1 
18310  1 
18310  1 
18807  1 
18807  1 
18910  1 
18910  1 
19107  1 
19107  1 
19110  1 
19110  1 
19710  1 
19710  1 
19807  1 
19807  1 
19910  1 
19910  1 
The output of core 0: 
The trace of core 1: 
The output of core 1: 
The trace of core 2: 
The output of core 2: 
The trace of core 3: 
The output of core 3: 
