The trace of core 0: 
53  1 
53  1 
55  1 
55  1 
103  1 
103  1 
105  1 
105  1 
153  1 
153  1 
155  1 
155  1 
203  1 
203  1 
205  1 
205  1 
253  1 
253  1 
255  1 
255  1 
303  1 
303  1 
305  1 
305  1 
353  1 
353  1 
355  1 
355  1 
453  1 
453  1 
455  1 
455  1 
503  1 
503  1 
505  1 
505  1 
553  1 
553  1 
555  1 
555  1 
603  1 
603  1 
605  1 
605  1 
653  1 
653  1 
655  1 
655  1 
703  1 
703  1 
705  1 
705  1 
753  1 
753  1 
755  1 
755  1 
853  1 
853  1 
855  1 
855  1 
903  1 
903  1 
905  1 
905  1 
953  1 
953  1 
955  1 
955  1 
1003  1 
1003  1 
1005  1 
1005  1 
1053  1 
1053  1 
1055  1 
1055  1 
1103  1 
1103  1 
1105  1 
1105  1 
1153  1 
1153  1 
1155  1 
1155  1 
1253  1 
1253  1 
1255  1 
1255  1 
1303  1 
1303  1 
1305  1 
1305  1 
1353  1 
1353  1 
1355  1 
1355  1 
1403  1 
1403  1 
1405  1 
1405  1 
1453  1 
1453  1 
1455  1 
1455  1 
1503  1 
1503  1 
1505  1 
1505  1 
1553  1 
1553  1 
1555  1 
1555  1 
1653  1 
1653  1 
1655  1 
1655  1 
1703  1 
1703  1 
1705  1 
1705  1 
1753  1 
1753  1 
1755  1 
1755  1 
1803  1 
1803  1 
1805  1 
1805  1 
1853  1 
1853  1 
1855  1 
1855  1 
1903  1 
1903  1 
1905  1 
1905  1 
1953  1 
1953  1 
1955  1 
1955  1 
2053  1 
2053  1 
2055  1 
2055  1 
2103  1 
2103  1 
2105  1 
2105  1 
2153  1 
2153  1 
2155  1 
2155  1 
2203  1 
2203  1 
2205  1 
2205  1 
2253  1 
2253  1 
2255  1 
2255  1 
2303  1 
2303  1 
2305  1 
2305  1 
2353  1 
2353  1 
2355  1 
2355  1 
2453  1 
2453  1 
2455  1 
2455  1 
2503  1 
2503  1 
2505  1 
2505  1 
2553  1 
2553  1 
2555  1 
2555  1 
2603  1 
2603  1 
2605  1 
2605  1 
2653  1 
2653  1 
2655  1 
2655  1 
2703  1 
2703  1 
2705  1 
2705  1 
2753  1 
2753  1 
2755  1 
2755  1 
2853  1 
2853  1 
2855  1 
2855  1 
2903  1 
2903  1 
2905  1 
2905  1 
2953  1 
2953  1 
2955  1 
2955  1 
3003  1 
3003  1 
3005  1 
3005  1 
3053  1 
3053  1 
3055  1 
3055  1 
3103  1 
3103  1 
3105  1 
3105  1 
3153  1 
3153  1 
3155  1 
3155  1 
3253  1 
3253  1 
3255  1 
3255  1 
3303  1 
3303  1 
3305  1 
3305  1 
3353  1 
3353  1 
3355  1 
3355  1 
3403  1 
3403  1 
3405  1 
3405  1 
3453  1 
3453  1 
3455  1 
3455  1 
3503  1 
3503  1 
3505  1 
3505  1 
3553  1 
3553  1 
3555  1 
3555  1 
3653  1 
3653  1 
3655  1 
3655  1 
3703  1 
3703  1 
3705  1 
3705  1 
3753  1 
3753  1 
3755  1 
3755  1 
3803  1 
3803  1 
3805  1 
3805  1 
3853  1 
3853  1 
3855  1 
3855  1 
3903  1 
3903  1 
3905  1 
3905  1 
3953  1 
3953  1 
3955  1 
3955  1 
4053  1 
4053  1 
4055  1 
4055  1 
4103  1 
4103  1 
4105  1 
4105  1 
4153  1 
4153  1 
4155  1 
4155  1 
4203  1 
4203  1 
4205  1 
4205  1 
4253  1 
4253  1 
4255  1 
4255  1 
4303  1 
4303  1 
4305  1 
4305  1 
4353  1 
4353  1 
4355  1 
4355  1 
4453  1 
4453  1 
4455  1 
4455  1 
4503  1 
4503  1 
4505  1 
4505  1 
4553  1 
4553  1 
4555  1 
4555  1 
4603  1 
4603  1 
4605  1 
4605  1 
4653  1 
4653  1 
4655  1 
4655  1 
4703  1 
4703  1 
4705  1 
4705  1 
4753  1 
4753  1 
4755  1 
4755  1 
4853  1 
4853  1 
4855  1 
4855  1 
4903  1 
4903  1 
4905  1 
4905  1 
4953  1 
4953  1 
4955  1 
4955  1 
5003  1 
5003  1 
5005  1 
5005  1 
5053  1 
5053  1 
5055  1 
5055  1 
5103  1 
5103  1 
5105  1 
5105  1 
5153  1 
5153  1 
5155  1 
5155  1 
5253  1 
5253  1 
5255  1 
5255  1 
5303  1 
5303  1 
5305  1 
5305  1 
5353  1 
5353  1 
5355  1 
5355  1 
5403  1 
5403  1 
5405  1 
5405  1 
5453  1 
5453  1 
5455  1 
5455  1 
5503  1 
5503  1 
5505  1 
5505  1 
5553  1 
5553  1 
5555  1 
5555  1 
5653  1 
5653  1 
5655  1 
5655  1 
5703  1 
5703  1 
5705  1 
5705  1 
5753  1 
5753  1 
5755  1 
5755  1 
5803  1 
5803  1 
5805  1 
5805  1 
5853  1 
5853  1 
5855  1 
5855  1 
5903  1 
5903  1 
5905  1 
5905  1 
5953  1 
5953  1 
5955  1 
5955  1 
6053  1 
6053  1 
6055  1 
6055  1 
6103  1 
6103  1 
6105  1 
6105  1 
6153  1 
6153  1 
6155  1 
6155  1 
6203  1 
6203  1 
6205  1 
6205  1 
6253  1 
6253  1 
6255  1 
6255  1 
6303  1 
6303  1 
6305  1 
6305  1 
6353  1 
6353  1 
6355  1 
6355  1 
6453  1 
6453  1 
6455  1 
6455  1 
6503  1 
6503  1 
6505  1 
6505  1 
6553  1 
6553  1 
6555  1 
6555  1 
6603  1 
6603  1 
6605  1 
6605  1 
6653  1 
6653  1 
6655  1 
6655  1 
6703  1 
6703  1 
6705  1 
6705  1 
6753  1 
6753  1 
6755  1 
6755  1 
6853  1 
6853  1 
6855  1 
6855  1 
6903  1 
6903  1 
6905  1 
6905  1 
6953  1 
6953  1 
6955  1 
6955  1 
7003  1 
7003  1 
7005  1 
7005  1 
7053  1 
7053  1 
7055  1 
7055  1 
7103  1 
7103  1 
7105  1 
7105  1 
7153  1 
7153  1 
7155  1 
7155  1 
7253  1 
7253  1 
7255  1 
7255  1 
7303  1 
7303  1 
7305  1 
7305  1 
7353  1 
7353  1 
7355  1 
7355  1 
7403  1 
7403  1 
7405  1 
7405  1 
7453  1 
7453  1 
7455  1 
7455  1 
7503  1 
7503  1 
7505  1 
7505  1 
7553  1 
7553  1 
7555  1 
7555  1 
7653  1 
7653  1 
7655  1 
7655  1 
7703  1 
7703  1 
7705  1 
7705  1 
7753  1 
7753  1 
7755  1 
7755  1 
7803  1 
7803  1 
7805  1 
7805  1 
7853  1 
7853  1 
7855  1 
7855  1 
7903  1 
7903  1 
7905  1 
7905  1 
7953  1 
7953  1 
7955  1 
7955  1 
8053  1 
8053  1 
8055  1 
8055  1 
8103  1 
8103  1 
8105  1 
8105  1 
8153  1 
8153  1 
8155  1 
8155  1 
8203  1 
8203  1 
8205  1 
8205  1 
8253  1 
8253  1 
8255  1 
8255  1 
8303  1 
8303  1 
8305  1 
8305  1 
8353  1 
8353  1 
8355  1 
8355  1 
8453  1 
8453  1 
8455  1 
8455  1 
8503  1 
8503  1 
8505  1 
8505  1 
8553  1 
8553  1 
8555  1 
8555  1 
8603  1 
8603  1 
8605  1 
8605  1 
8653  1 
8653  1 
8655  1 
8655  1 
8703  1 
8703  1 
8705  1 
8705  1 
8753  1 
8753  1 
8755  1 
8755  1 
8853  1 
8853  1 
8855  1 
8855  1 
8903  1 
8903  1 
8905  1 
8905  1 
8953  1 
8953  1 
8955  1 
8955  1 
9003  1 
9003  1 
9005  1 
9005  1 
9053  1 
9053  1 
9055  1 
9055  1 
9103  1 
9103  1 
9105  1 
9105  1 
9153  1 
9153  1 
9155  1 
9155  1 
9253  1 
9253  1 
9255  1 
9255  1 
9303  1 
9303  1 
9305  1 
9305  1 
9353  1 
9353  1 
9355  1 
9355  1 
9403  1 
9403  1 
9405  1 
9405  1 
9453  1 
9453  1 
9455  1 
9455  1 
9503  1 
9503  1 
9505  1 
9505  1 
9553  1 
9553  1 
9555  1 
9555  1 
9653  1 
9653  1 
9655  1 
9655  1 
9703  1 
9703  1 
9705  1 
9705  1 
9753  1 
9753  1 
9755  1 
9755  1 
9803  1 
9803  1 
9805  1 
9805  1 
9853  1 
9853  1 
9855  1 
9855  1 
9903  1 
9903  1 
9905  1 
9905  1 
9953  1 
9953  1 
9955  1 
9955  1 
10053  1 
10053  1 
10055  1 
10055  1 
10103  1 
10103  1 
10105  1 
10105  1 
10153  1 
10153  1 
10155  1 
10155  1 
10203  1 
10203  1 
10205  1 
10205  1 
10253  1 
10253  1 
10255  1 
10255  1 
10303  1 
10303  1 
10305  1 
10305  1 
10353  1 
10353  1 
10355  1 
10355  1 
10453  1 
10453  1 
10455  1 
10455  1 
10503  1 
10503  1 
10505  1 
10505  1 
10553  1 
10553  1 
10555  1 
10555  1 
10603  1 
10603  1 
10605  1 
10605  1 
10653  1 
10653  1 
10655  1 
10655  1 
10703  1 
10703  1 
10705  1 
10705  1 
10753  1 
10753  1 
10755  1 
10755  1 
10853  1 
10853  1 
10855  1 
10855  1 
10903  1 
10903  1 
10905  1 
10905  1 
10953  1 
10953  1 
10955  1 
10955  1 
11003  1 
11003  1 
11005  1 
11005  1 
11053  1 
11053  1 
11055  1 
11055  1 
11103  1 
11103  1 
11105  1 
11105  1 
11153  1 
11153  1 
11155  1 
11155  1 
11253  1 
11253  1 
11255  1 
11255  1 
11303  1 
11303  1 
11305  1 
11305  1 
11353  1 
11353  1 
11355  1 
11355  1 
11403  1 
11403  1 
11405  1 
11405  1 
11453  1 
11453  1 
11455  1 
11455  1 
11503  1 
11503  1 
11505  1 
11505  1 
11553  1 
11553  1 
11555  1 
11555  1 
11653  1 
11653  1 
11655  1 
11655  1 
11703  1 
11703  1 
11705  1 
11705  1 
11753  1 
11753  1 
11755  1 
11755  1 
11803  1 
11803  1 
11805  1 
11805  1 
11853  1 
11853  1 
11855  1 
11855  1 
11903  1 
11903  1 
11905  1 
11905  1 
11953  1 
11953  1 
11955  1 
11955  1 
12053  1 
12053  1 
12055  1 
12055  1 
12103  1 
12103  1 
12105  1 
12105  1 
12153  1 
12153  1 
12155  1 
12155  1 
12203  1 
12203  1 
12205  1 
12205  1 
12253  1 
12253  1 
12255  1 
12255  1 
12303  1 
12303  1 
12305  1 
12305  1 
12353  1 
12353  1 
12355  1 
12355  1 
12453  1 
12453  1 
12455  1 
12455  1 
12503  1 
12503  1 
12505  1 
12505  1 
12553  1 
12553  1 
12555  1 
12555  1 
12603  1 
12603  1 
12605  1 
12605  1 
12653  1 
12653  1 
12655  1 
12655  1 
12703  1 
12703  1 
12705  1 
12705  1 
12753  1 
12753  1 
12755  1 
12755  1 
12853  1 
12853  1 
12855  1 
12855  1 
12903  1 
12903  1 
12905  1 
12905  1 
12953  1 
12953  1 
12955  1 
12955  1 
13003  1 
13003  1 
13005  1 
13005  1 
13053  1 
13053  1 
13055  1 
13055  1 
13103  1 
13103  1 
13105  1 
13105  1 
13153  1 
13153  1 
13155  1 
13155  1 
13253  1 
13253  1 
13255  1 
13255  1 
13303  1 
13303  1 
13305  1 
13305  1 
13353  1 
13353  1 
13355  1 
13355  1 
13403  1 
13403  1 
13405  1 
13405  1 
13453  1 
13453  1 
13455  1 
13455  1 
13503  1 
13503  1 
13505  1 
13505  1 
13553  1 
13553  1 
13555  1 
13555  1 
13653  1 
13653  1 
13655  1 
13655  1 
13703  1 
13703  1 
13705  1 
13705  1 
13753  1 
13753  1 
13755  1 
13755  1 
13803  1 
13803  1 
13805  1 
13805  1 
13853  1 
13853  1 
13855  1 
13855  1 
13903  1 
13903  1 
13905  1 
13905  1 
13953  1 
13953  1 
13955  1 
13955  1 
14053  1 
14053  1 
14055  1 
14055  1 
14103  1 
14103  1 
14105  1 
14105  1 
14153  1 
14153  1 
14155  1 
14155  1 
14203  1 
14203  1 
14205  1 
14205  1 
14253  1 
14253  1 
14255  1 
14255  1 
14303  1 
14303  1 
14305  1 
14305  1 
14353  1 
14353  1 
14355  1 
14355  1 
14453  1 
14453  1 
14455  1 
14455  1 
14503  1 
14503  1 
14505  1 
14505  1 
14553  1 
14553  1 
14555  1 
14555  1 
14603  1 
14603  1 
14605  1 
14605  1 
14653  1 
14653  1 
14655  1 
14655  1 
14703  1 
14703  1 
14705  1 
14705  1 
14753  1 
14753  1 
14755  1 
14755  1 
14853  1 
14853  1 
14855  1 
14855  1 
14903  1 
14903  1 
14905  1 
14905  1 
14953  1 
14953  1 
14955  1 
14955  1 
15003  1 
15003  1 
15005  1 
15005  1 
15053  1 
15053  1 
15055  1 
15055  1 
15103  1 
15103  1 
15105  1 
15105  1 
15153  1 
15153  1 
15155  1 
15155  1 
15253  1 
15253  1 
15255  1 
15255  1 
15303  1 
15303  1 
15305  1 
15305  1 
15353  1 
15353  1 
15355  1 
15355  1 
15403  1 
15403  1 
15405  1 
15405  1 
15453  1 
15453  1 
15455  1 
15455  1 
15503  1 
15503  1 
15505  1 
15505  1 
15553  1 
15553  1 
15555  1 
15555  1 
15653  1 
15653  1 
15655  1 
15655  1 
15703  1 
15703  1 
15705  1 
15705  1 
15753  1 
15753  1 
15755  1 
15755  1 
15803  1 
15803  1 
15805  1 
15805  1 
15853  1 
15853  1 
15855  1 
15855  1 
15903  1 
15903  1 
15905  1 
15905  1 
15953  1 
15953  1 
15955  1 
15955  1 
16053  1 
16053  1 
16055  1 
16055  1 
16103  1 
16103  1 
16105  1 
16105  1 
16153  1 
16153  1 
16155  1 
16155  1 
16203  1 
16203  1 
16205  1 
16205  1 
16253  1 
16253  1 
16255  1 
16255  1 
16303  1 
16303  1 
16305  1 
16305  1 
16353  1 
16353  1 
16355  1 
16355  1 
16453  1 
16453  1 
16455  1 
16455  1 
16503  1 
16503  1 
16505  1 
16505  1 
16553  1 
16553  1 
16555  1 
16555  1 
16603  1 
16603  1 
16605  1 
16605  1 
16653  1 
16653  1 
16655  1 
16655  1 
16703  1 
16703  1 
16705  1 
16705  1 
16753  1 
16753  1 
16755  1 
16755  1 
16853  1 
16853  1 
16855  1 
16855  1 
16903  1 
16903  1 
16905  1 
16905  1 
16953  1 
16953  1 
16955  1 
16955  1 
17003  1 
17003  1 
17005  1 
17005  1 
17053  1 
17053  1 
17055  1 
17055  1 
17103  1 
17103  1 
17105  1 
17105  1 
17153  1 
17153  1 
17155  1 
17155  1 
17253  1 
17253  1 
17255  1 
17255  1 
17303  1 
17303  1 
17305  1 
17305  1 
17353  1 
17353  1 
17355  1 
17355  1 
17403  1 
17403  1 
17405  1 
17405  1 
17453  1 
17453  1 
17455  1 
17455  1 
17503  1 
17503  1 
17505  1 
17505  1 
17553  1 
17553  1 
17555  1 
17555  1 
17653  1 
17653  1 
17655  1 
17655  1 
17703  1 
17703  1 
17705  1 
17705  1 
17753  1 
17753  1 
17755  1 
17755  1 
17803  1 
17803  1 
17805  1 
17805  1 
17853  1 
17853  1 
17855  1 
17855  1 
17903  1 
17903  1 
17905  1 
17905  1 
17953  1 
17953  1 
17955  1 
17955  1 
18053  1 
18053  1 
18055  1 
18055  1 
18103  1 
18103  1 
18105  1 
18105  1 
18153  1 
18153  1 
18155  1 
18155  1 
18203  1 
18203  1 
18205  1 
18205  1 
18253  1 
18253  1 
18255  1 
18255  1 
18303  1 
18303  1 
18305  1 
18305  1 
18353  1 
18353  1 
18355  1 
18355  1 
18453  1 
18453  1 
18455  1 
18455  1 
18503  1 
18503  1 
18505  1 
18505  1 
18553  1 
18553  1 
18555  1 
18555  1 
18603  1 
18603  1 
18605  1 
18605  1 
18653  1 
18653  1 
18655  1 
18655  1 
18703  1 
18703  1 
18705  1 
18705  1 
18753  1 
18753  1 
18755  1 
18755  1 
18853  1 
18853  1 
18855  1 
18855  1 
18903  1 
18903  1 
18905  1 
18905  1 
18953  1 
18953  1 
18955  1 
18955  1 
19003  1 
19003  1 
19005  1 
19005  1 
19053  1 
19053  1 
19055  1 
19055  1 
19103  1 
19103  1 
19105  1 
19105  1 
19153  1 
19153  1 
19155  1 
19155  1 
19253  1 
19253  1 
19255  1 
19255  1 
19303  1 
19303  1 
19305  1 
19305  1 
19353  1 
19353  1 
19355  1 
19355  1 
19403  1 
19403  1 
19405  1 
19405  1 
19453  1 
19453  1 
19455  1 
19455  1 
19503  1 
19503  1 
19505  1 
19505  1 
19553  1 
19553  1 
19555  1 
19555  1 
19653  1 
19653  1 
19655  1 
19655  1 
19703  1 
19703  1 
19705  1 
19705  1 
19753  1 
19753  1 
19755  1 
19755  1 
19803  1 
19803  1 
19805  1 
19805  1 
19853  1 
19853  1 
19855  1 
19855  1 
19903  1 
19903  1 
19905  1 
19905  1 
19953  1 
19953  1 
19955  1 
19955  1 
20053  1 
20053  1 
20055  1 
20055  1 
20103  1 
20103  1 
20105  1 
20105  1 
20153  1 
20153  1 
20155  1 
20155  1 
20203  1 
20203  1 
20205  1 
20205  1 
20253  1 
20253  1 
20255  1 
20255  1 
20303  1 
20303  1 
20305  1 
20305  1 
20353  1 
20353  1 
20355  1 
20355  1 
20453  1 
20453  1 
20455  1 
20455  1 
20503  1 
20503  1 
20505  1 
20505  1 
20553  1 
20553  1 
20555  1 
20555  1 
20603  1 
20603  1 
20605  1 
20605  1 
20653  1 
20653  1 
20655  1 
20655  1 
20703  1 
20703  1 
20705  1 
20705  1 
20753  1 
20753  1 
20755  1 
20755  1 
20853  1 
20853  1 
20855  1 
20855  1 
20903  1 
20903  1 
20905  1 
20905  1 
20953  1 
20953  1 
20955  1 
20955  1 
21003  1 
21003  1 
21005  1 
21005  1 
21053  1 
21053  1 
21055  1 
21055  1 
21103  1 
21103  1 
21105  1 
21105  1 
21153  1 
21153  1 
21155  1 
21155  1 
21253  1 
21253  1 
21255  1 
21255  1 
21303  1 
21303  1 
21305  1 
21305  1 
21353  1 
21353  1 
21355  1 
21355  1 
21403  1 
21403  1 
21405  1 
21405  1 
21453  1 
21453  1 
21455  1 
21455  1 
21503  1 
21503  1 
21505  1 
21505  1 
21553  1 
21553  1 
21555  1 
21555  1 
21653  1 
21653  1 
21655  1 
21655  1 
21703  1 
21703  1 
21705  1 
21705  1 
21753  1 
21753  1 
21755  1 
21755  1 
21803  1 
21803  1 
21805  1 
21805  1 
21853  1 
21853  1 
21855  1 
21855  1 
21903  1 
21903  1 
21905  1 
21905  1 
21953  1 
21953  1 
21955  1 
21955  1 
22053  1 
22053  1 
22055  1 
22055  1 
22103  1 
22103  1 
22105  1 
22105  1 
22153  1 
22153  1 
22155  1 
22155  1 
22203  1 
22203  1 
22205  1 
22205  1 
22253  1 
22253  1 
22255  1 
22255  1 
22303  1 
22303  1 
22305  1 
22305  1 
22353  1 
22353  1 
22355  1 
22355  1 
22453  1 
22453  1 
22455  1 
22455  1 
22503  1 
22503  1 
22505  1 
22505  1 
22553  1 
22553  1 
22555  1 
22555  1 
22603  1 
22603  1 
22605  1 
22605  1 
22653  1 
22653  1 
22655  1 
22655  1 
22703  1 
22703  1 
22705  1 
22705  1 
22753  1 
22753  1 
22755  1 
22755  1 
22853  1 
22853  1 
22855  1 
22855  1 
22903  1 
22903  1 
22905  1 
22905  1 
22953  1 
22953  1 
22955  1 
22955  1 
23003  1 
23003  1 
23005  1 
23005  1 
23053  1 
23053  1 
23055  1 
23055  1 
23103  1 
23103  1 
23105  1 
23105  1 
23153  1 
23153  1 
23155  1 
23155  1 
23253  1 
23253  1 
23255  1 
23255  1 
23303  1 
23303  1 
23305  1 
23305  1 
23353  1 
23353  1 
23355  1 
23355  1 
23403  1 
23403  1 
23405  1 
23405  1 
23453  1 
23453  1 
23455  1 
23455  1 
23503  1 
23503  1 
23505  1 
23505  1 
23553  1 
23553  1 
23555  1 
23555  1 
23653  1 
23653  1 
23655  1 
23655  1 
23703  1 
23703  1 
23705  1 
23705  1 
23753  1 
23753  1 
23755  1 
23755  1 
23803  1 
23803  1 
23805  1 
23805  1 
23853  1 
23853  1 
23855  1 
23855  1 
23903  1 
23903  1 
23905  1 
23905  1 
23953  1 
23953  1 
23955  1 
23955  1 
24053  1 
24053  1 
24055  1 
24055  1 
24103  1 
24103  1 
24105  1 
24105  1 
24153  1 
24153  1 
24155  1 
24155  1 
24203  1 
24203  1 
24205  1 
24205  1 
24253  1 
24253  1 
24255  1 
24255  1 
24303  1 
24303  1 
24305  1 
24305  1 
24353  1 
24353  1 
24355  1 
24355  1 
24453  1 
24453  1 
24455  1 
24455  1 
24503  1 
24503  1 
24505  1 
24505  1 
24553  1 
24553  1 
24555  1 
24555  1 
24603  1 
24603  1 
24605  1 
24605  1 
24653  1 
24653  1 
24655  1 
24655  1 
24703  1 
24703  1 
24705  1 
24705  1 
24753  1 
24753  1 
24755  1 
24755  1 
24853  1 
24853  1 
24855  1 
24855  1 
24903  1 
24903  1 
24905  1 
24905  1 
24953  1 
24953  1 
24955  1 
24955  1 
25003  1 
25003  1 
25005  1 
25005  1 
25053  1 
25053  1 
25055  1 
25055  1 
25103  1 
25103  1 
25105  1 
25105  1 
25153  1 
25153  1 
25155  1 
25155  1 
25253  1 
25253  1 
25255  1 
25255  1 
25303  1 
25303  1 
25305  1 
25305  1 
25353  1 
25353  1 
25355  1 
25355  1 
25403  1 
25403  1 
25405  1 
25405  1 
25453  1 
25453  1 
25455  1 
25455  1 
25503  1 
25503  1 
25505  1 
25505  1 
25553  1 
25553  1 
25555  1 
25555  1 
25653  1 
25653  1 
25655  1 
25655  1 
25703  1 
25703  1 
25705  1 
25705  1 
25753  1 
25753  1 
25755  1 
25755  1 
25803  1 
25803  1 
25805  1 
25805  1 
25853  1 
25853  1 
25855  1 
25855  1 
25903  1 
25903  1 
25905  1 
25905  1 
25953  1 
25953  1 
25955  1 
25955  1 
26053  1 
26053  1 
26055  1 
26055  1 
26103  1 
26103  1 
26105  1 
26105  1 
26153  1 
26153  1 
26155  1 
26155  1 
26203  1 
26203  1 
26205  1 
26205  1 
26253  1 
26253  1 
26255  1 
26255  1 
26303  1 
26303  1 
26305  1 
26305  1 
26353  1 
26353  1 
26355  1 
26355  1 
26453  1 
26453  1 
26455  1 
26455  1 
26503  1 
26503  1 
26505  1 
26505  1 
26553  1 
26553  1 
26555  1 
26555  1 
26603  1 
26603  1 
26605  1 
26605  1 
26653  1 
26653  1 
26655  1 
26655  1 
26703  1 
26703  1 
26705  1 
26705  1 
26753  1 
26753  1 
26755  1 
26755  1 
26853  1 
26853  1 
26855  1 
26855  1 
26903  1 
26903  1 
26905  1 
26905  1 
26953  1 
26953  1 
26955  1 
26955  1 
27003  1 
27003  1 
27005  1 
27005  1 
27053  1 
27053  1 
27055  1 
27055  1 
27103  1 
27103  1 
27105  1 
27105  1 
27153  1 
27153  1 
27155  1 
27155  1 
27253  1 
27253  1 
27255  1 
27255  1 
27303  1 
27303  1 
27305  1 
27305  1 
27353  1 
27353  1 
27355  1 
27355  1 
27403  1 
27403  1 
27405  1 
27405  1 
27453  1 
27453  1 
27455  1 
27455  1 
27503  1 
27503  1 
27505  1 
27505  1 
27553  1 
27553  1 
27555  1 
27555  1 
27653  1 
27653  1 
27655  1 
27655  1 
27703  1 
27703  1 
27705  1 
27705  1 
27753  1 
27753  1 
27755  1 
27755  1 
27803  1 
27803  1 
27805  1 
27805  1 
27853  1 
27853  1 
27855  1 
27855  1 
27903  1 
27903  1 
27905  1 
27905  1 
27953  1 
27953  1 
27955  1 
27955  1 
28053  1 
28053  1 
28055  1 
28055  1 
28103  1 
28103  1 
28105  1 
28105  1 
28153  1 
28153  1 
28155  1 
28155  1 
28203  1 
28203  1 
28205  1 
28205  1 
28253  1 
28253  1 
28255  1 
28255  1 
28303  1 
28303  1 
28305  1 
28305  1 
28353  1 
28353  1 
28355  1 
28355  1 
28453  1 
28453  1 
28455  1 
28455  1 
28503  1 
28503  1 
28505  1 
28505  1 
28553  1 
28553  1 
28555  1 
28555  1 
28603  1 
28603  1 
28605  1 
28605  1 
28653  1 
28653  1 
28655  1 
28655  1 
28703  1 
28703  1 
28705  1 
28705  1 
28753  1 
28753  1 
28755  1 
28755  1 
28853  1 
28853  1 
28855  1 
28855  1 
28903  1 
28903  1 
28905  1 
28905  1 
28953  1 
28953  1 
28955  1 
28955  1 
29003  1 
29003  1 
29005  1 
29005  1 
29053  1 
29053  1 
29055  1 
29055  1 
29103  1 
29103  1 
29105  1 
29105  1 
29153  1 
29153  1 
29155  1 
29155  1 
29253  1 
29253  1 
29255  1 
29255  1 
29303  1 
29303  1 
29305  1 
29305  1 
29353  1 
29353  1 
29355  1 
29355  1 
29403  1 
29403  1 
29405  1 
29405  1 
29453  1 
29453  1 
29455  1 
29455  1 
29503  1 
29503  1 
29505  1 
29505  1 
29553  1 
29553  1 
29555  1 
29555  1 
29653  1 
29653  1 
29655  1 
29655  1 
29703  1 
29703  1 
29705  1 
29705  1 
29753  1 
29753  1 
29755  1 
29755  1 
29803  1 
29803  1 
29805  1 
29805  1 
29853  1 
29853  1 
29855  1 
29855  1 
29903  1 
29903  1 
29905  1 
29905  1 
29953  1 
29953  1 
29955  1 
29955  1 
The trace of core 1: 
355  2 
355  2 
755  2 
755  2 
1555  2 
1555  2 
1955  2 
1955  2 
2755  2 
2755  2 
3155  2 
3155  2 
3955  2 
3955  2 
4355  2 
4355  2 
5155  2 
5155  2 
5555  2 
5555  2 
6355  2 
6355  2 
6755  2 
6755  2 
7555  2 
7555  2 
7955  2 
7955  2 
8755  2 
8755  2 
9155  2 
9155  2 
9955  2 
9955  2 
10355  2 
10355  2 
11155  2 
11155  2 
11555  2 
11555  2 
12355  2 
12355  2 
12755  2 
12755  2 
13555  2 
13555  2 
13955  2 
13955  2 
14755  2 
14755  2 
15155  2 
15155  2 
15955  2 
15955  2 
16355  2 
16355  2 
17155  2 
17155  2 
17555  2 
17555  2 
18355  2 
18355  2 
18755  2 
18755  2 
19555  2 
19555  2 
19955  2 
19955  2 
20755  2 
20755  2 
21155  2 
21155  2 
21955  2 
21955  2 
22355  2 
22355  2 
23155  2 
23155  2 
23555  2 
23555  2 
24355  2 
24355  2 
24755  2 
24755  2 
25555  2 
25555  2 
25955  2 
25955  2 
26755  2 
26755  2 
27155  2 
27155  2 
27955  2 
27955  2 
28355  2 
28355  2 
29155  2 
29155  2 
29555  2 
29555  2 
The trace of core 2: 
The trace of core 3: 
